%
% K-40 decay series
%
%       0.9828
%        g/-> Ca40
%        /
%   K40 -
%        \
%        b\-> Ar40
%       0.1072
%
% K-40 : decay heat
Q.k40(1) = 0.9828 * 560.18 + 0.1072 * 1460.822;

% K-40 : decay heat uncertainty
Q.k40(2) = sqrt(0.9828^2 * 0.05^2 + ...
    0.1072^2 * 0.3^2 + ...
    0.0013^2 * (560.18^2 + 1460.822^2) );

% K-40 : neutrino energy
Q.k40(3) = 0.9828 * 750.89 + 0.1072 * 43.578;

% K-40 : neutrino energy uncertainty
Q.k40(4) = sqrt( 0.9828^2 * 0.12^2 + ...
    0.1072 * 0.36^2 + ...
    0.0013^2 * (750.89^2 + 43.578^2) );

% Rb-87 decay series
%
%         b
%    Rb87 -> Sr87
%
% Rb-87 : decay heat
Q.rb87(1) = 81.67;

% Rb-87 : decay heat uncertainty
Q.rb87(2) = 0.36;

% Rb-87 : neutrino energy
Q.rb87(3) = 200.61;

% Rb-87 : neutrino energy uncertainty
Q.rb87(4) = 0.36;

% Th-232 decay series
%
%          a        b        b        a        a        a        a
%    Th232 -> Ra228 -> Ac228 -> Th228 -> Ra224 -> Rn220 -> Po216 -> Pb212 --
%                                                                          |
%    -----------------------------------------------------------------------
%    |
%    |         0.6406
%    |           b/-> Po212 -\a
%    | b         /            \
%    ---> Bi212 -             - Pb208
%                \            /
%                a\-> Tl208 -/b
%              0.3594
%
% Th-232 decay energy
Q.th232(1) = 4081.60 + 10.04 + 747.00 + 5520.15 + 5788.92 + 6404.74 + 6906.30 + ...
    + 171.70 + 0.6406*(834.20 + 8954.20) + 0.3594*(6207.26 + 649.48);

% Th-232 decay energy uncertainty
Q.th232(2) = sqrt( 1.40^2 + 0.25^2 + 1.30^2 + 0.22^2 + 0.15^2 + 0.10^2 + 0.50^2 + 0.70^2 + ...
    0.6406^2 * (0.80^2 + 0.11^2) + 6e-4^2 * (834.20 + 8954.20)^2 + ...
    0.3594^2 * (0.03^2 + 0.71^2) + 6e-4^2 * (6207.26 + 649.48)^2 );

% Th-232 neutrino energy
Q.th232(3) = 35.46 + 1376.7 + 397.4 + ...
    0.6406 * 1417.30 + ...
    0.3594 * 4349.02; 

% Th-232 neutrino energy uncertainty
Q.th232(4) = sqrt( 0.65^2 + 2.9^2 + 1.9^2 + ...
    (0.6406 * 1.9)^2 + ...
    (0.3594 * 1.84)^2 + ...
    6e-4^2 * (1417.30^2 + 4349.02^2) );


% U-235 decay series
%                                 0.9862         a        a
%                                    b/-> Th227 --> Ra223 -> Rn219 -\a
%        a        b        a         /              /                \
%   U235 -> Th231 -> Pa231 -> Ac227 -             b/0.99994           -> Po215 --
%                                    \            /                  /          |
%                                    a\-> Fr223 -/> At219 -> Bi215 -/b          |
%                                 0.0138          a       a                     |
%                                               6e-5                            |
%                                                                               |
%    ----------------------------------------------------------------------------
%    | 
%    | 0.9999977              0.99724
%    |   a/-> Pb211 -\b         a/-> Tl207 -\b
%    |   /            \         /            \
%    ----               -> Bi211              -> Pb207
%        \            /         \            /
%        b\-> At215 -/a         b\-> Po211 -/a
%      2.3e-6                 0.00276
%
% U-235 : decay heat
Q.u235(1) = 4678.00 + 280.10 + 5149.90 + ... % Ac227
    0.9862 * (11.37 + 6146.60 + 5978.99 + 6946.2) + ...
    0.0138 * ( 5042.27 + ...
        0.99994 * (380.70 + 5978.99 + 6946.2) + ...
        6e-5 * ( 5561.4 + ...
            0.936*(0.6342 + 807.60) + ...
            0.064*(547 + 6946.2) ) ) + ... % Po215
    0.9999977 * ( 7526.3 + 471.30 ) + ...
    2.3e-6 * ( 238.00 + 8178 ) + ... % Bi211
    0.99724 * ( 6750.4 + 492.50 ) + ...
    0.00276 * ( 172.90 + 7594.6 ); % Pb207

% U-235 : decay heat uncertainty
Q.u235(2) = sqrt(0.7^2 + 0.5^2 + 0.8^2 + ...
    0.9862^2 * (0.21^2 + 0.10^2 + 0.21^2 + 0.30^2) + ...
    3.6e-5^2 * (11.37^2 + 6146.60^2 + 5978.99^2 + 6946.2^2) + ...
    0.0138^2 * ( 0.14^2 + ...
        0.99994^2 * (0.4^2 + 0.21^2 + 0.3^2) + ...
        1e-5^2 * (380.70^2 + 5978.99^2 + 6946.2^2) + ...
        6e-5^2 * (2.8^2 + ...
            0.936^2 * (5^2 + 0.63^2) + ...
            0.064^2 * (0.35^2 + 0.3^2) + ...
            1e-3^2 * (547^2 + 6946.2^2) ) ) + ...
    0.9999977^2 * ( 0.8^2 + 2.4^2 ) + ...
    2e-7^2 * ( 7526.3^2 + 471.30^2 ) + ...
    2.3e-6^2 * ( 60^2 + 4^2 ) + ...
    2e-7^2 * ( 238.00^2 + 8178^2 ) + ...
    0.99724^2 * ( 0.5^2 + 2.1^2 ) + ...
    4e-5^2 * ( 6750.4^2 + 492.50^2 ) + ...
    0.00276^2 * ( 1.8^2 + 0.5^2 ) + ...
    4e-5^2 * ( 172.90^2 + 7594.6^2 ) );

% U-235 : neutrino energy
Q.u235(3) = 280.10 + ...
    0.9862 * 33.43 + ...
    0.0138 * ( 0.99994 * 768.40 + ...
        6e-5 * ( 0.936*1363.40 + 0.064*1019 ) ) + ...
    0.9999977 * 894.70 + ...
    2.3e-6 * 476.00 + ...
    0.99724 * 925.50 + ...
    0.00276 * 400.10;

% U-235 : neutrino energy uncertainty
Q.u235(4) = sqrt(1.6^2 + ...
    0.9862^2 * 0.83^2 + 3.6e-5^2 * 33.43 + ...
    3.6e-5^2 * ( 0.99994 * 768.40 + ...
        6e-5 * ( 0.936*1363.40 + 0.064*1019 ) )^2 + ...
    0.0138^2*( (0.99994 * 0.9)^2 + (1e-5 * 768.40)^2 + ...
        (0.99994 * 0.9)^2 + (1e-5 * 768.40)^2 + ...
        6e-5^2*( 0.936^2*0.03^2 + 0.064^2*3.6^2 + 0.01^2*(1363.40^2 + 1019^2) ) + ...
        1e-5^2 * ( 0.936*1363.40 + 0.064*1019 )^2 ) +  ...
    0.9999977^2 * 5.5^2 + 2.3e-6^2 * 60^2 + 2e-7^2 * (894.7^2 + 476.0^2) + ...
    0.99724^2 * 5.42^2 + 0.00276^2 * 5.31^2 + 4e-5^2 * (925.50^2 + 400.10^2) );


% U-238 decay series
%
%                              0.9984
%                               g/-> Pa234 -\b
%         a        b            /            \   a        a        a
%    U238 -> Th234 -> Pa234m1 -/----------> U234 -> Th230 -> Ra226 -> Rn222 --
%                                    b                                       |
%                                0.0016                                      |
%                                                                            |
%    -------------------------------------------------------------------------
%    |
%    |                                0.00021
%    |         0.9998       b           a
%    |           a/-> Pb214 -> Bi214 \----> Tl210 -\b
%    | a         /              /     \             \
%    ---> Po218 -            a/0.999 b\0.99979      - Pb210 --
%                \            /         \           /        |
%                b\-> At218 -/-> Rn218 --\> Po214 -/a        |
%              0.0002         b         a                    |
%                             0.001                          |
%                                                            |
%    ---------------------------------------------------------
%    |
%    |                0.99999868
%    | 0.999999981    b
%    |   b/-> Bi210 -\> 210Po -\a
%    |   /            \         \
%    ----       1.32e-6\a        - Pb206
%        \              \       /
%        a\-> Hg206 --> Tl206 -/b
%      1.9e-8        b
%
Q.u238(1) = 4269.90 + 53.60 + ...
    0.9984*414.40 + ...
    0.016*(73.92 + 820.50) + ...
    4857.50 + 4769.80 + 4870.70 + 5590.40 + ...
    0.9998 * ( 6114.75 + 334.90 + ...
        0.00021*(5621.00 + 5482.00) + ...
        0.99979*(1268.80 + 7833.54) ) + ...
    0.0002 * ( 73 + ...
        0.999 * ( 6874.00 + ...
            0.00021*(5621.00 + 1762.60) + ...
            0.99979*(1268.80 + 7833.54) ) + ...
        0.001 * (1095 + 7262.50 + 7833.54) ) + ...
    0.999999981*( 16.16 + ...
        0.99999868*(389.00 + 5407.53) + ...
        1.32e-6*(5036.50 + 538.86) ) + ...
    1.9e-8*(3792.00 + 449.50 + 538.86);

