%232Th decay:
%------------------------------------------
%232Th  228Ra   4081.6  alpha
%228Ra  228Ac   45.5    beta-minus
%228Ac  228Th   2123.7  beta-minus
%228Th  224Ra   5520.15 alpha
%224Ra  220Rn   5788.92 alpha
%220Rn  216Po   6404.74 alpha
%216Po  212Pb   6906.3  alpha
%212Pb  212Bi   569.1   beta-minus

%212Bi  212Po   2251.5  beta-minus  64.06%
%212Po  208Pb   8954.20 alpha

%212Bi  208Tl   6207.26 alpha       35.94%
%208Tl  208Pb   4998.5  beta-minus
% 
% th232 = 4081.6 + (1/3)*45.5 + (1/3)*2123.7 + 5520.15 + 5788.92 + ...
%     6404.74 + 6906.3 + (1/3)*569.1 + 0.6406*((1/3)*2251.5 + 8954.2) + ...
%     0.3594*(6207.26 + (1/3)*4998.5);

density = 2750;
Cu = 3.19;
Cth = 11.1;
Ck = 2.1;

HP = 10^(-5)*density*(9.52*Cu + 2.56*Cth + 3.48*Ck)


%Calculating U238 H value
% Eabs = 46.34;
% Thalf = (4.469*10^9)*31556952;
% M = 238.05078826;
% %M = 238;
% H = ((6.022140857*(10^23))/(M))*((0.693)/(Thalf))*(1.60*10^(-13))*(Eabs) %in W/kg-1



%U natural has changed through time
%Present: 9.52*10^-5, 2.7Ga: 12.253*10^-5
%K Present: 3.48*10^-9, 2.7Ga: 15.535*10^-9

u238constant = (6.022140857*(10^23)*0.693*1.60*(10^-13))/(238*4.468*(10^9)*365.25*24*60*60)
u235constant = ((6.022140857*(10^23))/235)*(0.693/(0.7038*(10^9)*365.25*24*60*60))*(1.60*(10^-13))


H238 = 9.17*10^-5
H235 = 5.75*10^-4