function map = rwb;

map = [  0         0    0.5000;
         0         0    0.5625;
         0         0    0.6250;
         0         0    0.6875;
         0         0    0.7500;
         0         0    0.8125;
         0         0    0.8750;
         0         0    0.9375;
         0         0    1.0000;
    0.1667    0.1667    1.0000;
    0.2500    0.2500    1.0000;
    0.3333    0.3333    1.0000;
    0.4167    0.4167    1.0000;
    0.5000    0.5000    1.0000;
    0.5417    0.5417    1.0000;
    0.5833    0.5833    1.0000;
    0.6250    0.6250    1.0000;
    0.6667    0.6667    1.0000;
    0.7083    0.7083    1.0000;
    0.7500    0.7500    1.0000;
    0.7917    0.7917    1.0000;
    0.8333    0.8333    1.0000;
    0.8750    0.8750    1.0000;
    0.9167    0.9167    1.0000;
    0.9583    0.9583    1.0000;
    1.0000    1.0000    1.0000;
    1.0000    0.9583    0.9583;
    1.0000    0.9167    0.9167;
    1.0000    0.8750    0.8750;
    1.0000    0.8333    0.8333;
    1.0000    0.7917    0.7917;
    1.0000    0.7500    0.7500;
    1.0000    0.7083    0.7083;
    1.0000    0.6667    0.6667;
    1.0000    0.6250    0.6250;
    1.0000    0.5833    0.5833;
    1.0000    0.5417    0.5417;
    1.0000    0.5000    0.5000;
    1.0000    0.4167    0.4167;
    1.0000    0.3333    0.3333;
    1.0000    0.2500    0.2500;
    1.0000    0.1667    0.1667;
    1.0000         0         0;
    0.9375         0         0;
    0.8750         0         0;
    0.8125         0         0;
    0.7500         0         0;
    0.6875         0         0;
    0.6250         0         0;
    0.5625         0         0;
    0.5000         0         0];

return
